p01,-88,0130,141,2.1,154,303,-29
p01,A,0940,32,2.8,171,301,-26
p01,A,0950,30,2.1,171,301,-26
p01,A,1930,85,2.4,9,305,-28
p01,A,2130,28,1.8,161,305,-29
p01,-86,0000,54,1.7,45,304,-31
p01,A,0020,27,2.6,40,304,-31
p01,A,0030,22,2.3,27,303,-31
p01,A,0035,18,2.8,23,303,-31
p01,A,0130,14,2.3,30,302,-31
p01,A,0230,38,2.3,69,301,-31
p01,A,0940,43,2.2,93,300,-25
p01,A,0950,31,1.7,80,300,-25
p01,A,1900,56,1.6,151,308,-28
p01,A,1930,58,2.4,160,307,-28
p01,A,2000,45,1.6,156,307,-29
p01,A,2130,73,2.6,20,307,-30
p01,-85,0000,44,2.6,37,304,-32
p01,A,0020,15,3.0,12,304,-32
p01,A,0030,29,3.2,26,304,-32
p01,A,0050,6,2.5,11,303,-32
p01,A,0100,12,2.7,17,303,-32
p01,A,0130,17,2.1,30,302,-32
p01,A,0200,1,2.5,24,301,-32
p01,A,0230,8,2.1,39,301,-32
p01,A,0300,5,1.6,45,300,-32
p01,A,0500,108,1.6,179,298,-30
p01,A,0546,87,2.4,169,298,-29
p01,A,1900,65,2.2,159,309,-28
p01,A,2000,57,3.4,167,308,-29
p01,A,2100,72,3.0,5,308,-30
p01,A,2200,37,2.3,177,307,-31
p01,A,2230,17,2.2,165,306,-31
p01,A,2300,14,1.9,19,306,-32
p01,A,2320,14,1.7,14,305,-32
p01,A,2350,29,2.6,18,305,-32
p02,-84,0000,21,2.5,12,305,-33
p02,A,0020,21,3.6,18,304,-33
p02,A,0030,10,3.7,15,304,-33
p02,A,0040,12,3.2,25,303,-33
p02,A,0120,11,2.2,24,302,-33
p02,A,0130,175,1.6,12,302,-33
p02,A,0140,0,1.6,19,301,-33
p02,A,0230,2,1.6,34,300,-33
p02,A,0940,38,2.1,178,298,-23
p02,A,0950,37,1.8,179,298,-23
p02,A,1050,20,2.2,177,300,-22
p02,A,1900,46,1.6,140,310,-28
p02,A,1920,55,2.8,154,310,-28
p02,A,1930,78,3.3,0,310,-28
p02,A,2030,75,3.1,12,309,-30
p02,A,2130,15,2.0,147,308,-31
p02,A,2230,19,2.4,166,307,-32
p02,A,2300,10,2.4,167,306,-33
p02,A,2345,176,2.4,163,305,-33
p02,-83,0000,20,2.8,11,305,-34
p02,A,0030,1,2.3,178,304,-34
p02,A,0050,165,2.9,170,303,-34
p02,A,0100,168,2.0,170,303,-34
p02,A,1900,48,1.6,143,311,-28
p02,A,2000,75,2.4,4,311,-29
p02,A,2310,177,2.2,144,307,-34
p02,A,2324,0,2.4,28,306,-34
p02,A,2340,177,1.7,20,306,-34
p02,-82,0000,45,1.6,38,305,-35
p02,A,0030,179,1.8,4,304,-35
p02,A,0100,155,1.8,160,303,-35
p02,A,0130,8,1.6,21,301,-35
p02,A,1135,16,1.8,3,300,-20
p02,A,1320,4,1.7,1,304,-19
p02,A,1920,57,2.8,155,312,-28
p02,A,1930,66,3.0,167,312,-28
p02,A,2000,71,2.4,179,312,-30
p02,A,2030,70,4.0,5,311,-30
p02,A,2100,18,2.2,142,311,-32
p02,A,2130,19,2.6,149,310,-32
p02,A,2230,26,1.7,173,309,-34
p02,A,2300,35,1.8,10,307,-34
p03,-81,0030,2,1.8,179,304,-36
p03,A,0050,33,1.8,38,303,-36
p03,A,0120,30,2.2,43,302,-36
p03,A,2300,44,2.3,19,308,-35
p03,A,2315,33,2.1,12,308,-36
p03,A,2340,176,1.8,161,306,-36
p03,-80,0000,13,1.6,4,306,-37
p03,A,0020,6,2.1,3,305,-37
p03,A,0030,22,1.6,27,304,-37
p03,A,0050,19,2.0,24,303,-37
p03,A,0100,20,1.6,25,302,-37
p03,A,0110,5,2.2,10,302,-37
p03,A,0130,10,2.3,27,301,-37
p03,A,0300,154,2.3,15,296,-36
p03,A,0400,157,2.0,24,294,-34
p03,A,0500,111,2.3,4,293,-32
p03,A,0815,116,2.6,5,293,-23
p03,A,1400,39,2.1,60,306,-18
p03,A,1440,16,1.7,47,308,-18
p03,A,1800,97,2.1,174,314,-25
p03,A,1930,80,2.7,179,314,-29
p03,A,2000,74,2.8,1,314,-30
p03,A,2015,59,3.2,169,314,-31
p03,A,2030,65,5.1,179,314,-31
p03,A,2100,46,3.7,168,313,-32
p03,A,2130,20,2.5,150,312,-33
p03,A,2200,27,2.3,166,311,-35
p03,A,2230,22,2.6,167,310,-35
p03,A,2240,10,1.7,159,310,-36
p03,A,2300,16,1.6,170,309,-36
p03,A,2330,10,2.4,172,307,-37
p03,-79,0000,29,2.1,20,306,-38
p03,A,0010,28,2.1,169,305,-38
p03,A,2315,31,1.6,8,309,-37
p03,A,2330,34,2.9,16,308,-38
p03,A,2340,8,1.8,173,307,-38
p04,-78,0000,28,1.8,19,306,-39
p04,A,0010,25,2.3,18,306,-39
p04,A,0020,175,2.0,172,305,-39
p04,A,0030,170,2.2,175,304,-39
p04,A,0040,17,1.9,22,304,-39
p04,A,0050,33,2.0,38,303,-39
p04,A,0100,27,2.0,32,302,-39
p04,A,0430,117,1.6,3,291,-34
p04,A,0700,166,1.9,90,290,-26
p04,A,0815,115,2.6,56,291,-23
p04,A,0900,83,2.1,35,292,-21
p04,A,0940,29,2.2,171,294,-19
p04,A,0950,25,1.7,168,294,-19
p04,A,1012,27,3.4,176,295,-18
p04,A,1224,50,1.7,55,302,-15
p04,A,1330,10,1.6,23,305,-16
p04,A,1816,37,2.4,118,316,-25
p04,A,1838,60,1.8,146,316,-26
p04,A,2030,58,2.2,171,316,-32
p04,A,2230,32,2.6,177,312,-37
p04,A,2300,27,2.7,180,310,-38
p04,A,2315,43,2.8,21,309,-38
p04,A,2330,16,2.6,178,308,-39
p04,A,2345,43,2.0,28,307,-39
p04,-77,0025,176,2.2,9,305,-40
p04,A,0110,40,1.8,37,302,-40
p04,A,1930,71,2.4,169,318,-29
p04,A,2320,32,4.2,11,309,-39
p04,A,2330,37,3.4,18,309,-39
p04,A,2340,32,1.6,17,308,-40
p04,-76,0000,15,1.6,6,307,-41
p04,A,0030,170,2.3,175,305,-41
p04,A,0100,0,1.6,5,302,-41
p04,A,0400,22,1.6,82,290,-36
p04,A,0800,70,1.6,4,289,-22
p04,A,0950,31,2.0,170,293,-17
p04,A,1034,53,1.9,21,295,-16
p04,A,1224,43,1.6,48,301,-13
p04,A,1520,64,1.6,104,312,-16
p04,A,1542,121,1.7,165,313,-17
p05,A,1626,102,1.7,156,315,-19
p05,A,1648,108,1.6,167,316,-20
p05,A,1754,85,1.6,172,318,-23
p05,A,1816,54,1.6,134,318,-25
p05,A,2015,26,3.7,134,318,-32
p05,A,2030,54,1.8,166,318,-32
p05,A,2055,37,4.8,156,317,-34
p05,A,2210,1,2.5,140,314,-38
p05,A,2235,14,2.3,159,313,-39
p05,A,2300,168,2.5,141,311,-40
p05,A,2310,39,2.0,14,311,-40
p05,A,2340,174,1.8,148,308,-41
p05,A,2345,20,1.6,5,308,-41
p05,-75,0000,11,2.5,180,307,-42
p05,A,0010,178,1.7,169,307,-42
p05,A,0030,20,1.8,17,305,-42
p05,A,0400,125,2.1,5,289,-37
p05,A,1930,85,3.2,1,320,-29
p05,A,2000,51,2.2,155,320,-31
p05,A,2100,40,2.8,159,318,-35
p05,A,2200,15,2.8,158,316,-38
p05,A,2300,8,2.4,160,312,-40
p05,A,2330,170,2.0,151,310,-41
p05,A,2340,14,1.7,179,309,-42
p05,A,2350,20,2.4,5,308,-42
p05,-74,0000,35,1.6,26,308,-43
p05,A,0045,8,2.3,13,303,-43
p05,A,0700,161,1.7,87,285,-26
p05,A,0730,100,1.8,33,286,-24
p05,A,0800,56,2.2,176,287,-22
p05,A,0950,13,1.6,157,291,-16
p05,A,1012,30,2,180,293,-15
p05,A,1056,30,2.0,9,295,-13
p05,A,1414,60,1.7,83,309,-12
p05,A,1520,42,1.7,81,313,-14
p05,A,1604,108,1.8,157,315,-16
p05,A,1626,95,2.0,148,316,-17
p05,A,1648,96,1.8,155,318,-19
p05,A,1710,86,1.6,150,318,-20
p05,A,1838,72,2.6,156,321,-25
p06,A,1900,69,2.0,158,321,-27
p06,A,1925,100,1.8,15,321,-29
p06,A,1950,31,2.5,132,321,-30
p06,A,2015,33,2.0,139,321,-32
p06,A,2120,17,2.8,141,319,-36
p06,A,2145,17,2.2,147,318,-38
p06,A,2210,21,2.3,158,316,-39
p06,A,2300,174,2.0,146,313,-41
p06,-73,0000,32,1.8,21,308,-44
p06,A,0015,30,1.8,23,307,-44
p06,A,0030,30,2.0,5,305,-44
p06,-72,0030,70,1.6,67,305,-45
p06,A,0045,19,1.9,23,304,-45
p06,A,0115,36,2.1,49,300,-45
p06,A,0120,54,2.6,71,300,-45
p06,A,0700,155,2.5,82,283,-25
p06,A,0940,38,1.7,1,289,-15
p06,A,0950,33,2.4,178,290,-14
p06,A,1436,62,1.6,91,311,-11
p06,A,1520,61,2.0,100,314,-13
p06,A,1542,84,1.6,128,315,-14
p06,A,1604,99,2.0,148,317,-15
p06,A,1626,97,2.0,150,318,-16
p06,A,1648,98,1.7,156,319,-17
p06,A,1710,87,1.6,150,320,-19
p06,A,1732,87,1.6,155,321,-20
p06,A,1838,66,1.8,149,323,-25
p06,A,1900,73,2.2,161,323,-27
p06,A,1950,60,2.6,150,323,-31
p06,A,2015,32,4.3,157,323,-32
p06,A,2055,19,3.4,134,322,-35
p06,A,2120,3,4.8,126,321,-37
p06,A,2145,44,3.5,173,320,-39
p06,A,2210,47,2.0,3,318,-40
p06,A,2235,10,2.8,153,316,-42
p06,A,2300,166,3.1,137,314,-43
p06,-71,0030,19,2.3,16,305,-46
p06,A,0045,9,1.8,14,305,-46
p06,A,2310,15,2.3,168,314,-44
p06,A,2340,174,1.6,158,311,-45
p07,-70,0000,26,1.6,15,309,-47
p07,A,0020,97,1.6,94,307,-47
p07,A,0030,18,2.2,15,306,-47
p07,A,0045,2,2.3,7,304,-47
p07,A,0115,59,1.6,72,300,-47
p07,A,0300,172,1.6,39,288,-43
p07,A,0524,26,1.6,111,281,-33
p07,A,0700,141,1.9,69,281,-25
p07,A,0800,42,1.7,163,283,-20
p07,A,0940,45,1.6,8,288,-13
p07,A,1414,102,1.7,125,310,-9
p07,A,1458,97,2.0,130,314,-10
p07,A,1520,85,1.6,124,315,-11
p07,A,1542,85,1.6,128,317,-12
p07,A,1626,85,1.6,138,320,-15
p07,A,1648,88,1.6,146,321,-16
p07,A,1710,88,1.6,150,322,-18
p07,A,1732,90,1.6,158,323,-19
p07,A,1754,86,1.6,158,324,-21
p07,A,1838,69,2.2,151,325,-25
p07,A,1950,38,2.3,136,326,-31
p07,A,2015,0,3.1,104,325,-33
p07,A,2030,9,3.7,117,325,-34
p07,A,2120,13,2.5,134,323,-38
p07,A,2145,30,2.7,158,322,-40
p07,A,2210,21,3.6,156,320,-42
p07,A,2215,28,3.6,164,320,-42
p07,A,2300,35,2.0,5,316,-45
p07,A,2320,68,1.6,43,314,-46
p07,A,2330,175,1.8,154,313,-46
p07,A,2340,18,1.6,180,311,-46
p07,-69,0045,6,2.2,11,304,-48
p07,A,0515,152,1.6,56,280,-34
p07,A,2310,84,1.6,56,316,-46
p07,A,2340,28,2.1,10,312,-47
p08,-68,0000,48,1.6,37,310,-49
p08,A,0020,19,2.0,12,307,-49
p08,A,0030,18,1.6,113,306,-49
p08,A,0120,92,2.0,105,299,-49
p08,A,0800,84,2.4,26,281,-19
p08,A,0840,61,1.6,11,283,-16
p08,A,0940,63,1.7,27,287,-12
p08,A,0950,30,2.0,175,287,-11
p08,A,1118,34,1.6,19,294,-7
p08,A,1436,81,2.2,110,313,-7
p08,A,1520,86,1.6,125,316,-9
p08,A,1542,86,1.6,129,318,-11
p08,A,1648,127,2.3,4,323,-15
p08,A,1710,116,2.3,178,324,-17
p08,A,1732,90,1.6,157,325,-18
p08,A,1816,60,1.6,136,327,-22
p08,A,1838,59,1.8,140,327,-24
p08,A,1915,95,3.1,4,328,-27
p08,A,1930,72,3.5,165,328,-29
p08,A,1945,59,4.5,144,328,-30
p08,A,2130,41,2.2,163,325,-40
p08,A,2145,41,2.1,167,324,-41
p08,A,2200,43,2.3,173,323,-42
p08,A,2215,50,3.0,4,322,-43
p08,A,2245,76,2.6,40,319,-45
p08,A,2320,47,1.8,20,315,-47
p08,A,2340,59,1.6,41,313,-48
p08,-67,0000,90,1.6,77,310,-50
p08,A,0020,76,2.7,73,307,-50
p08,A,0110,159,1.6,164,300,-50
p08,A,2310,47,1.8,17,317,-48
p08,A,2340,45,1.6,26,313,-49
p08,-66,0000,95,1.6,82,311,-51
p08,A,0010,118,1.8,109,310,-51
p08,A,0020,71,3.9,64,308,-51
p08,A,0025,56,2.1,53,307,-51
p08,A,0030,14,1.7,11,306,-50
p08,A,0100,87,1.8,92,301,-51
p08,A,0515,103,2.0,8,276,-35
p08,A,0840,60,1.8,10,281,-15
p09,A,0920,85,1.7,44,284,-12
p09,A,1458,73,1.7,106,315,-7
p09,A,1648,124,1.8,1,324,-14
p09,A,1710,91,1.6,152,325,-15
p09,A,1732,94,1.6,160,327,-18
p09,A,1816,52,1.6,128,329,-22
p09,A,1838,61,2.4,142,329,-24
p09,A,1900,63,2.6,148,330,-26
p09,A,1915,74,2.8,162,330,-27
p09,A,1930,56,2.2,148,330,-29
p09,A,1945,70,3.1,165,330,-30
p09,A,2015,55,2.8,157,330,-33
p09,A,2045,45,1.8,154,329,-36
p09,A,2130,97,1.8,37,327,-41
p09,A,2200,26,2.8,155,325,-43
p09,A,2215,61,3.8,14,324,-44
p09,A,2230,104,2.4,61,323,-46
p09,A,2245,116,3.1,79,321,-47
p09,A,2300,115,2.5,83,319,-48
p09,A,2320,15,1.8,169,317,-49
p09,A,2340,155,1.6,136,314,-50
p09,-65,0010,112,1.7,103,310,-52
p09,A,0020,92,2.1,85,308,-52
p09,A,0045,144,1.6,149,304,-52
p09,A,0110,164,3.6,177,300,-52
p09,A,2330,10,2.0,157,316,-50
p09,-64 30,0111,152,5.0,165,300,-53
p09,-64,0000,5,1.6,172,312,-53
p09,A,0020,108,2.1,101,308,-53
p09,A,0110,170,3.3,183,300,-53
p09,A,0115,1,4.2,14,299,-53
p09,A,0800,64,1.8,7,277,-17
p09,A,0820,62,1.7,10,278,-15
p09,A,0840,59,1.7,10,279,-13
p09,A,1515,134,2.0,169,318,-6
p09,A,1634,120,1.7,174,325,-11
p09,A,1706,123,1.8,3,327,-14
p09,A,1840,51,1.7,132,332,-23
p09,A,1858,63,2.6,147,332,-25
p10,A,1915,70,2.5,157,332,-27
p10,A,1930,42,2.8,132,332,-29
p10,A,2000,33,2.8,130,333,-32
p10,A,2015,74,2.8,174,332,-33
p10,A,2115,106,2.5,41,331,-40
p10,A,2130,60,2.6,179,330,-41
p10,A,2145,63,1.6,6,329,-43
p10,A,2200,81,1.8,29,327,-45
p10,A,2215,134,2.2,85,326,-46
p10,A,2230,127,2.9,83,325,-47
p10,A,2300,91,1.6,56,321,-49
p10,-63,0000,89,1.7,74,312,-54
p10,A,0110,47,2.0,52,299,-54
p10,A,0530,160,1.6,77,272,-33
p10,-62,0020,67,1.6,60,309,-55
p10,A,1130,34,2.2,2,294,-1
p10,A,1215,41,2.4,38,299,0
p10,A,1315,41,4.3,46,306,0
p10,A,1530,146,1.8,5,321,-5
p10,A,1546,125,1.8,168,322,-6
p10,A,1634,125,2.2,178,326,-10
p10,A,1706,122,1.7,2,329,-13
p10,A,1722,94,2.6,157,330,-14
p10,A,1810,74,1.7,147,332,-19
p10,A,1842,58,2.3,137,334,-23
p10,A,1858,78,2.6,160,334,-25
p10,A,1915,75,1.6,161,335,-27
p10,A,1930,47,3.3,136,335,-28
p10,A,1945,55,2.2,148,335,-30
p10,A,2000,54,1.7,150,335,-32
p10,A,2015,59,1.7,158,335,-34
p10,A,2130,40,1.6,142,335,-36
p10,A,2145,77,2.6,19,331,-44
p10,A,2200,115,2.4,61,330,-46
p10,A,2215,37,1.7,167,329,-47
p10,A,2300,12,1.6,156,323,-51
p10,A,2340,62,1.6,45,317,-54
p10,-61,0140,61,1.8,87,292,-55
p10,A,2340,70,1.7,47,317,-54
p11,-60,0000,36,2.0,28,314,-56
p11,A,0010,87,1.7,83,312,-57
p11,A,0050,5,1.9,17,303,-57
p11,A,0740,71,1.7,18,272,-17
p11,A,1515,160,2.0,44,320,-2
p11,A,1530,146,1.6,13,322,-3
p11,A,1546,132,2.4,2,323,-4
p11,A,1602,126,1.6,179,325,-6
p11,A,1618,111,2.6,167,326,-7
p11,A,1634,125,2.8,5,328,-9
p11,A,1650,127,2.0,11,329,-10
p11,A,1706,67,1.7,133,330,-12
p11,A,1722,95,1.6,165,331,-13
p11,A,1826,65,1.6,147,335,-21
p11,A,1858,70,3.0,159,336,-24
p11,A,1915,78,3.1,170,337,-26
p11,A,1930,70,2.8,165,337,-28
p11,A,2000,76,2.8,178,337,-32
p11,A,2045,111,2.0,43,337,-38
p11,A,2100,53,2.0,169,336,-40
p11,A,2130,92,1.7,34,335,-43
p11,A,2145,88,3.8,35,334,-45
p11,A,2215,120,2.5,75,331,-48
p11,A,2230,114,1.6,73,329,-50
p11,A,2240,105,2.1,68,328,-51
p11,A,2245,110,2.4,75,327,-51
p11,A,2300,143,1.6,113,325,-52
p11,-58,0700,72,1.6,12,268,-22
p11,A,0720,67,1.9,11,269,-19
p11,A,0800,60,1.9,9,272,-14
p11,A,0820,77,1.9,32,273,-12
p11,A,0900,59,1.9,22,276,-8
p11,A,0920,72,1.6,44,278,-6
p11,A,1015,51,2.3,29,283,-1
p11,A,1130,52,2.0,46,292,3
p11,A,1546,130,1.7,180,325,-3
p11,A,1602,115,2.5,168,326,-4
p11,A,1618,109,2.6,166,328,-6
p11,A,1634,121,2.3,1,329,-7
p11,A,1842,96,2.8,180,338,-22
p11,A,1915,70,2.8,161,339,-26
p11,A,1930,82,4.0,176,339,-28
p11,A,1945,65,3.3,162,340,-30
p12,A,2000,62,4.0,162,340,-32
p12,A,2015,38,2.2,141,340,-34
p12,A,2045,82,2.2,12,339,-38
p12,A,2100,175,3.1,109,339,-40
p12,A,2115,73,1.6,10,338,-42
p12,A,2145,104,3.4,49,336,-46
p12,A,2200,118,3.0,67,335,-48
p12,A,2215,93,1.7,46,334,-49
p12,A,2230,71,2.8,28,332,-51
p12,A,2245,42,3.4,5,330,-52
p12,-56,1530,126,1.6,173,324,0
p12,A,1546,117,3.8,167,326,-1
p12,A,1602,110,3.1,163,327,-3
p12,A,1618,117,2.1,174,329,-4
p12,A,1634,112,2.1,172,331,-6
p12,A,1650,102,2.8,165,332,-8
p12,A,1706,97,1.6,163,334,-9
p12,A,1900,80,3.0,168,341,-24
p12,A,1912,72,2.9,162,341,-26
p12,A,1924,82,4.5,174,341,-27
p12,A,1936,72,3.0,167,342,-29
p12,A,1948,58,4.1,155,342,-31
p12,A,2000,58,4.7,158,342,-32
p12,A,2012,31,3.3,133,342,-34
p12,A,2024,157,1.6,82,342,-36
p12,A,2036,29,1.6,136,342,-37
p12,A,2048,170,1.7,151,342,-39
p12,A,2100,150,1.6,82,341,-41
p12,A,2112,78,2.5,13,341,-42
p12,A,2124,81,3.3,19,340,-44
p12,A,2136,87,2.8,28,339,-45
p12,A,2148,86,3.2,30,339,-47
p12,A,2200,78,3.0,25,338,-49
p12,A,2215,53,2.5,4,336,-50
p12,A,2230,55,1.8,10,335,-52
p12,A,2245,81,1.7,34,332,-54
p12,A,2300,57,1.6,24,330,-55
p12,-55,0000,128,1.6,117,318,-61
p12,A,0010,2,1.6,174,315,-61
p12,A,0020,155,2.2,153,312,-62
p12,A,0040,20,1.6,32,306,-62
p13,A,0045,36,1.8,56,305,-62
p13,A,0140,95,3.2,131,288,-61
p13,A,2200,75,1.8,21,339,-49
p13,A,2230,58,2.0,12,336,-52
p13,A,2245,55,1.6,9,334,-54
p13,A,2300,36,2.0,1,331,-56
p13,-54,0000,113,2.7,101,318,-62
p13,A,0020,90,1.6,88,312,-63
p13,A,0030,73,1.6,73,310,-63
p13,A,0040,32,1.6,44,306,-63
p13,A,0050,28,1.6,40,303,-63
p13,A,0100,88,1.8,100,299,-63
p13,A,0110,71,1.8,91,297,-63
p13,A,0140,107,2.4,143,287,-62
p13,A,1600,114,2.0,167,329,-1
p13,A,1612,110,1.6,166,330,-2
p13,A,1624,116,1.6,174,331,-4
p13,A,1636,113,1.8,174,333,-5
p13,A,1648,120,1.6,3,334,-6
p13,A,1700,115,2.2,0,335,-8
p13,A,1712,95,1.6,162,336,-9
p13,A,1724,95,1.6,164,337,-11
p13,A,1800,71,1.8,147,340,-15
p13,A,1848,76,3.0,160,342,-22
p13,A,1900,79,3.0,166,343,-23
p13,A,1912,69,3.5,158,343,-25
p13,A,1924,58,3.7,150,344,-27
p13,A,1936,41,4.3,135,344,-29
p13,A,1948,20,2.8,116,344,-30
p13,A,2000,29,4.0,127,344,-32
p13,A,2012,44,1.8,145,344,-34
p13,A,2024,153,3.4,76,344,-36
p13,A,2036,174,2.9,99,344,-37
p13,A,2048,67,2.2,175,344,-39
p13,A,2100,83,2.3,14,344,-41
p13,A,2112,91,3.0,24,343,-43
p13,A,2124,52,4.1,168,343,-44
p13,A,2136,56,4.6,175,342,-46
p13,A,2148,86,2.7,28,341,-48
p13,A,2200,72,2.3,17,340,-49
p13,A,2300,49,1.6,12,332,-57
p13,A,2320,86,2.7,53,328,-59
p14,-52 30,0000,109,3.2,95,320,-64
p14,A,0010,111,3.2,99,318,-64
p14,A,0110,102,3.6,122,296,-65
p14,A,0420,175,1.7,87,260,-44
p14,A,2210,75,2.0,17,342,-51
p14,A,2230,88,3.5,39,340,-54
p14,A,2245,45,2.4,179,339,-57
p14,-52,0000,74,3.0,60,320,-64
p14,A,0010,117,3.6,106,318,-64
p14,A,0020,95,2.3,91,314,-65
p14,A,0030,100,2.5,100,311,-65
p14,A,0040,107,3.4,119,306,-65
p14,A,0050,124,1.6,136,303,-65
p14,A,0100,77,1.6,89,299,-65
p14,A,0110,57,2.5,77,293,-65
p14,A,1524,171,1.8,37,326,4
p14,A,1536,134,1.8,3,327,3
p14,A,1544,107,2.0,158,328,2
p14,A,1624,117,1.6,175,333,-3
p14,A,1636,90,1.6,150,334,-4
p14,A,1648,115,1.8,177,335,-5
p14,A,1700,113,2.4,177,336,-6
p14,A,1712,82,1.6,149,338,-8
p14,A,1724,97,1.6,166,339,-9
p14,A,1736,97,1.6,168,340,-11
p14,A,1812,72,1.8,150,342,-16
p14,A,1848,74,3.2,158,344,-21
p14,A,1900,68,4.2,154,345,-23
p14,A,1912,60,3.5,148,345,-25
p14,A,1924,49,4.0,140,346,-26
p14,A,1936,27,4.3,120,346,-28
p14,A,1948,0,3.2,95,347,-30
p14,A,2000,156,1.8,73,347,-32
p14,A,2036,8,2.6,112,347,-37
p14,A,2048,31,1.7,137,347,-39
p14,A,2100,67,4.3,176,346,-41
p14,A,2112,42,4.5,153,346,-43
p14,A,2124,53,5.5,167,346,-45
p14,A,2136,111,3.0,48,345,-47
p14,A,2148,66,3.0,6,344,-48
p14,A,2200,102,1.8,44,343,-50
p15,A,2300,100,2.7,61,335,-58
p15,A,2310,82,3.6,46,334,-59
p15,A,2320,66,2.3,35,331,-60
p15,A,2340,62,2.5,39,326,-62
p15,A,2350,28,3.9,7,325,-64
p15,-50,0000,50,2.0,34,322,-66
p15,A,0010,17,1.6,6,319,-66
p15,A,0020,135,1.6,131,315,-67
p15,A,0030,96,3.0,94,312,-67
p15,A,0040,90,3.8,102,307,-67
p15,A,0050,142,1.8,154,303,-67
p15,A,0100,29,1.6,41,298,-67
p15,A,0110,6,1.6,30,295,-67
p15,A,0140,95,2.0,131,283,-65
p15,A,0150,96,2.9,140,280,-65
p15,A,0200,100,1.6,150,277,-64
p15,A,0220,96,1.6,152,274,-60
p15,A,0640,153,1.8,92,259,-22
p15,A,1524,19,2.3,65,327,5
p15,A,1536,8,1.8,57,328,4
p15,A,1600,100,2.2,153,331,2
p15,A,1636,96,2.6,156,336,-2
p15,A,1648,113,1.6,175,337,-4
p15,A,1700,98,1.6,162,338,-5
p15,A,1712,98,1.6,165,339,-7
p15,A,1724,101,1.6,170,340,-8
p15,A,1736,83,1.6,154,341,-10
p15,A,1812,87,2.0,164,344,-15
p15,A,1900,65,3.7,150,347,-22
p15,A,1912,55,4.3,142,348,-24
p15,A,1924,50,3.2,139,348,-26
p15,A,1936,20,2.9,112,348,-28
p15,A,1948,19,2.5,112,349,-30
p15,A,2036,41,2.0,143,349,-38
p15,A,2048,32,1.6,137,349,-39
p15,A,2100,50,3.9,157,341,-41
p15,A,2112,52,4.8,163,349,-43
p15,A,2124,58,4.3,172,348,-45
p15,A,2136,73,3.8,8,348,-47
p15,A,2148,52,3.1,170,347,-49
p15,A,2200,90,2.8,31,346,-51
p15,A,2210,107,1.6,49,345,-52
p16,A,2230,96,2.4,46,343,-55
p16,A,2300,76,3.2,35,338,-59
p16,A,2310,92,4.1,53,337,-60
p16,A,2320,118,2.3,84,334,-62
p16,A,2330,116,2.0,85,332,-63
p16,A,2340,76,2.2,50,329,-64
p16,A,2350,110,2.2,88,326,-65
p16,-48,0000,125,1.6,107,325,-67
p16,A,0010,96,2.7,83,321,-68
p16,A,0020,88,1.6,82,316,-69
p16,A,0040,80,3.9,84,307,-69
p16,A,0050,73,2.7,85,303,-69
p16,A,0100,120,2.3,140,298,-69
p16,A,0110,108,1.8,132,294,-69
p16,A,0412,70,1.6,163,255,-46
p16,A,0436,57,2.5,163,254,-42
p16,A,0600,43,2.0,156,255,-28
p16,A,0836,65,1.6,25,266,-4
p16,A,0900,33,2.2,176,269,-1
p16,A,0912,68,1.6,34,270,0.3
p16,A,0924,71,2.3,39,272,2
p16,A,1536,13,1.8,62,330,6
p16,A,1612,103,2.8,158,334,2
p16,A,1648,99,1.6,161,338,-2
p16,A,1700,106,2.3,170,340,-4
p16,A,1712,86,2.3,153,341,-6
p16,A,1724,83,2.4,152,342,-7
p16,A,1748,75,1.7,148,344,-11
p16,A,1900,61,3.6,145,349,-22
p16,A,1912,71,4.3,158,350,-24
p16,A,1924,47,3.0,135,350,-26
p16,A,1936,22,2.0,113,351,-28
p16,A,1944,31,3.3,123,351,-29
p16,A,2012,27,3.4,123,352,-34
p16,A,2024,23,2.8,122,352,-36
p16,A,2036,56,1.7,157,352,-38
p16,A,2048,25,1.6,128,352,-40
p16,A,2100,54,4.1,159,352,-42
p16,A,2112,50,4.4,158,352,-44
p16,A,2124,73,3.5,3,351,-46
p16,A,2136,55,3.0,168,351,-48
p16,A,2148,62,2.6,178,350,-49
p17,A,2200,100,1.7,38,349,-51
p17,A,2300,106,3.6,62,341,-60
p17,A,2320,152,1.6,115,337,-63
p17,A,2340,130,1.6,102,331,-65
p17,A,2350,122,2.1,97,329,-66
p17,-47 30,0010,91,2.0,77,323,-69
p17,A,0020,111,2.4,103,317,-70
p17,A,0040,90,2.0,94,308,-70
p17,A,0100,100,2.4,120,297,-70
p17,A,0110,60,2.0,86,293,-70
p17,A,2210,111,1.6,46,350,-53
p17,A,2300,130,2.8,84,343,-61
p17,A,2330,95,1.6,61,337,-65
p17,A,2350,94,2.8,69,330,-67
p17,-46,0000,56,1.6,36,327,-69
p17,A,0010,68,2.3,52,324,-70
p17,A,0100,95,1.6,99,297,-71
p17,A,0412,69,1.7,177,252,-46
p17,A,0600,58,2.0,172,253,-28
p17,A,0612,12,2.0,128,254,-25
p17,A,0648,169,1.6,101,256,-20
p17,A,0848,42,1.6,3,266,-1
p17,A,0900,49,1.8,12,267,0
p17,A,0924,70,1.8,38,270,3
p17,A,1610,99,2.6,154,335,4
p17,A,1620,100,2.1,157,337,2
p17,A,1650,79,1.7,140,340,-1
p17,A,1710,76,1.7,141,342,-4
p17,A,1720,68,1.8,135,343,-6
p17,A,1840,96,2.1,176,350,-18
p17,A,1850,76,3.0,158,350,-19
p17,A,1900,83,3.5,166,351,-21
p17,A,1912,75,2.5,159,352,-23
p17,A,1924,56,3.8,144,352,-25
p17,A,2012,47,3.0,142,354,-33
p17,A,2024,57,2.6,154,354,-35
p17,A,2100,81,4.4,0,354,-42
p17,A,2112,112,2.5,31,354,-44
p17,A,2136,72,3.7,165,354,-48
p17,A,2148,84,3.9,175,353,-50
p17,A,2200,135,3.3,43,352,-52
p17,A,2212,160,2.0,75,351,-54
p18,-45,0010,88,1.6,72,325,-71
p18,A,0050,127,2.8,149,304,-72
p18,A,0100,136,1.6,148,298,-67
p18,A,0330,90,1.8,178,253,-54
p18,A,2245,146,1.6,92,349,-60
p18,-44,0000,104,2.0,80,331,-71
p18,A,0020,176,2.0,167,319,-71
p18,A,0050,118,2.0,130,304,-73
p18,A,0100,149,1.6,169,296,-73
p18,A,0420,65,1.8,164,249,-45
p18,A,0436,60,1.7,162,249,-42
p18,A,0600,50,2.0,165,251,-27
p18,A,0612,44,1.6,161,251,-25
p18,A,0624,62,1.6,1,252,-23
p18,A,0836,63,1.6,23,263,-2
p18,A,0848,57,1.6,178,264,0
p18,A,0900,52,1.6,15,266,1
p18,A,0912,56,1.6,22,267,3
p18,A,1320,99,1.7,103,309,18
p18,A,1440,100,1.8,130,318,16
p18,A,1600,122,2.9,175,335,6
p18,A,1630,97,1.6,155,339,3
p18,A,1640,103,3.7,164,340,1
p18,A,1700,102,2.1,166,343,-2
p18,A,1710,90,2.3,155,344,-3
p18,A,1730,90,2.1,159,346,-6
p18,A,1740,70,2.1,141,347,-7
p18,A,1840,91,2.5,171,352,-17
p18,A,1900,57,2.0,140,353,-21
p18,A,1912,99,3.0,4,354,-23
p18,A,1924,43,3.7,130,354,-25
p18,A,1936,51,2.2,139,355,-27
p18,A,2024,86,2.0,182,357,-35
p18,A,2048,75,4.3,175,357,-40
p18,A,2100,64,4.8,166,357,-42
p18,A,2112,94,1.6,18,357,-44
p18,A,2124,25,2.7,131,357,-46
p18,A,2136,26,4.4,134,357,-48
p18,A,2148,94,5.0,25,356,-50
p18,A,2200,179,2.0,112,355,-52
p18,A,2310,102,2.0,54,347,-64
p19,-42 30,0000,127,2.0,100,334,-72
p19,A,0010,95,2.8,73,330,-73
p19,A,0020,137,2.4,123,323,-74
p19,A,0030,126,2.0,120,318,-75
p19,A,0050,132,2.0,144,304,-75
p19,A,0100,125,2.4,149,295,-75
p19,A,0400,86,1.7,3,247,-49
p19,A,2350,104,2.4,70,340,-71
p19,-42,0000,141,1.6,114,334,-72
p19,A,0010,104,2.1,82,330,-73
p19,A,0020,3,2.5,169,323,-74
p19,A,0050,118,1.6,130,304,-75
p19,A,0100,132,2.3,155,295,-75
p19,A,0612,71,2.0,10,249,-24
p19,A,0820,67,2.1,24,260,-3
p19,A,0850,78,1.7,40,263,1
p19,A,0900,69,2.1,32,264,3
p19,A,0912,59,1.7,25,266,4
p19,A,0924,68,1.7,36,267,6
p19,A,0936,62,1.7,32,269,8
p19,A,1220,85,1.9,89,297,20
p19,A,1320,101,1.7,121,309,20
p19,A,1640,111,2.2,172,342,3
p19,A,1650,89,2.2,151,343,1
p19,A,1830,40,1.6,118,353,-14
p19,A,1840,175,2.5,75,354,-16
p19,A,1850,10,1.7,91,354,-18
p19,A,1900,122,1.7,25,355,-20
p19,A,1912,47,3.7,131,356,-22
p19,A,1924,44,3.7,130,357,-24
p19,A,1936,51,2.8,139,357,-26
p19,A,2024,72,2.2,166,359,-35
p19,A,2036,50,3.0,146,359,-37
p19,A,2048,89,5.5,8,360,-39
p19,A,2100,100,2.3,20,360,-42
p19,A,2112,152,2.6,74,360,-44
p19,A,2124,41,3.0,145,360,-46
p19,A,2136,72,5.0,178,360,-48
p19,A,2148,76,2.2,4,359,-51
p19,A,2200,87,2.3,18,359,-53
p19,A,2220,50,2.1,165,357,-56
p19,A,2240,89,1.6,29,355,-60
p20,A,2250,100,2.2,42,354,-61
p20,A,2350,112,1.9,78,340,-71
p20,-40,0010,73,2.2,41,339,-74
p20,A,0020,65,2.3,49,327,-76
p20,A,0050,120,1.6,132,304,-77
p20,A,0120,75,3.6,118,278,-76
p20,A,0130,104,2.4,153,273,-75
p20,A,0320,86,1.6,178,245,-56
p20,A,0350,79,1.6,176,244,-51
p20,A,0400,63,1.6,163,243,-49
p20,A,1430,99,2.0,134,323,19
p20,A,1450,119,2.1,159,326,17
p20,A,1510,80,3.6,124,330,15
p20,A,1620,100,1.8,27,341,7
p20,A,1700,102,2.1,166,346,1
p20,A,1720,102,2.1,170,348,-2
p20,A,1830,180,2.0,77,355,-14
p20,A,1840,116,1.7,15,356,-16
p20,A,1850,116,2.0,16,356,-17
p20,A,1900,100,2.1,2,357,-19
p20,A,1912,78,2.3,161,358,-21
p20,A,1924,29,3.2,114,359,-24
p20,A,2012,46,2.2,137,1,-32
p20,A,2024,61,3.1,154,2,-35
p20,A,2036,92,2.6,7,2,-37
p20,A,2048,116,4.3,33,2,-39
p20,A,2100,84,2.3,2,2,-42
p20,A,2124,12,3.2,114,3,-46
p20,A,2136,28,3.0,132,3,-48
p20,A,2148,75,2.2,3,2,-51
p20,A,2200,92,2.2,20,2,-53
p20,A,2220,115,1.6,47,1,-57
p20,A,2230,91,2.6,25,0.4,-58
p20,A,2240,100,2.6,36,359,-61
p20,A,2250,78,2.3,17,358,-62
p20,A,2350,71,1.8,32,344,-72
p20,-38,0000,79,2.2,42,344,-75
p20,A,0010,74,2.4,43,339,-76
p20,A,0020,67,3.1,46,331,-78
p20,A,0130,124,2.2,177,268,-77
p20,A,1010,23,3.9,178,271,15
p20,A,1030,85,2.1,64,275,17
p20,A,1400,94,1.7,124,318,23
p21,A,1510,91,2.7,135,331,17
p21,A,1520,83,3.5,130,333,16
p21,A,1550,73,1.7,125,338,12
p21,A,1830,70,3.4,147,357,-13
p21,A,1840,173,2.0,72,358,-15
p21,A,1850,149,1.6,48,358,-16
p21,A,1900,37,2.0,118,359,-18
p21,A,1912,39,3.0,121,360,-21
p21,A,1924,24,3.0,108,0.8,-23
p21,A,2000,70,1.6,159,3,-30
p21,A,2036,133,2.7,46,4,-37
p21,A,2048,99,3.7,14,5,-39
p21,A,2112,98,1.7,17,5,-44
p21,A,2124,72,2.2,172,6,-46
p21,A,2200,85,3.3,10,5,-53
p21,A,2212,73,2.8,180,5,-56
p21,A,2224,62,3.6,173,4,-58
p21,A,2236,89,2.9,21,4,-60
p21,A,2248,73,2.0,8,3,-63
p21,A,2324,100,2.0,45,357,-69
p21,A,2336,43,1.8,173,354,-71
p21,A,2348,97,2.0,52,350,-73
p21,-37 30,0000,76,2.0,36,347,-76
p21,A,0010,95,2.8,61,342,-77
p21,A,0020,68,1.6,43,334,-79
p21,A,0040,41,1.6,41,314,-80
p21,A,0130,105,2.4,161,265,-77
p21,A,0145,123,2.0,10,256,-75
p21,A,0240,92,1.6,1,242,-65
p21,A,0250,89,1.6,0,242,-63
p21,-36,0000,99,2.7,55,350,-77
p21,A,0030,39,2.6,21,329,-80
p21,A,0050,85,1.6,82,304,-81
p21,A,0100,70,3.3,98,288,-81
p21,A,0110,66,1.6,105,279,-81
p21,A,0120,77,1.7,130,268,-79
p21,A,0140,90,2.0,159,255,-76
p21,A,0145,99,4.0,170,253,-76
p21,A,0150,130,3.5,23,251,-75
p21,A,0200,138,1.6,36,247,-73
p21,A,0210,119,1.6,21,245,-71
p22,A,0220,120,1.7,26,243,-69
p22,A,1300,35,1.7,47,305,27
p22,A,1350,86,2.6,112,316,25
p22,A,1420,74,2.3,107,323,23
p22,A,1430,114,1.7,149,325,22
p22,A,1520,35,1.6,82,334,17
p22,A,1530,108,2.3,156,336,16
p22,A,1840,123,2.0,21,359,-14
p22,A,1850,87,1.6,166,0.1,-16
p22,A,1912,16,2.9,98,2,-20
p22,A,1924,51,3.5,134,3,-22
p22,A,1936,67,1.7,151,4,-25
p22,A,2048,74,5.2,167,7,-39
p22,A,2100,144,2.5,59,8,-41
p22,A,2112,80,4.0,176,8,-44
p22,A,2124,84,2.7,2,8,-46
p22,A,2150,64,1.6,164,9,-51
p22,A,2200,71,2.3,172,9,-53
p22,A,2212,62,2.7,167,8,-56
p22,A,2224,47,1.7,154,8,-58
p22,A,2236,72,2.7,1,8,-61
p22,A,2248,82,2.9,13,7,-63
p22,A,2312,89,1.7,25,4,-68
p22,A,2348,96,3.0,46,356,-74
p22,-35,0000,78,2.0,31,354,-77
p22,A,0030,59,2.0,37,332,-81
p22,A,0050,83,2.0,95,305,-82
p22,A,0100,70,2.8,102,287,-82
p22,A,0110,60,2.0,104,276,-81
p22,A,0120,92,2.0,149,264,-80
p22,A,0130,43,2.0,107,258,-79
p22,A,0140,99,4.8,1,251,-77
p22,A,0145,119,3.6,14,249,-76
p22,A,0200,122,2.8,24,244,-73
p22,A,0210,96,2.4,0,242,-72
p22,A,0220,111,1.6,19,240,-69
p22,A,0240,106,1.6,19,238,-65
p23,-34,0000,78,2.7,27,358,-78
p23,A,0010,86,2.9,40,354,-79
p23,A,0020,68,3.7,32,345,-81
p23,A,0030,60,2.1,34,336,-82
p23,A,0040,76,2.3,70,319,-83
p23,A,0050,88,2.1,100,305,-83
p23,A,0100,68,2.3,101,284,-83
p23,A,0110,62,2.1,109,272,-82
p23,A,0120,99,1.6,161,260,-81
p23,A,0130,176,1.6,75,254,-79
p23,A,0140,135,6.1,32,247,-77
p23,A,0150,172,3.7,72,244,-76
p23,A,0200,137,1.6,41,241,-73
p23,A,0640,47,1.6,171,243,-17
p23,A,0720,79,2.0,28,247,-9
p23,A,0750,53,1.6,5,250,-4
p23,A,0810,54,1.6,1,252,-1
p23,A,1420,126,2.8,159,324,25
p23,A,1430,4,2.0,39,325,24
p23,A,1440,100,1.6,139,328,23
p23,A,1450,100,1.6,140,329,22
p23,A,1510,13,2.0,58,333,20
p23,A,1520,140,2.4,7,335,19
p23,A,1530,106,2.4,155,337,18
p23,A,1630,116,2.0,175,346,10
p23,A,1640,115,2.0,176,348,8
p23,A,1730,101,2.4,170,354,0
p23,A,1800,117,1.6,10,358,-6
p23,A,1810,117,1.6,11,358,-7
p23,A,1820,107,2.4,2,359,-9
p23,A,1830,155,2.0,52,0.2,-11
p23,A,1840,102,2.0,179,1,-13
p23,A,1850,124,2.4,22,2,-15
p23,A,1900,104,1.6,4,3,-17
p23,A,1924,29,1.8,112,5,-22
p23,A,1936,66,1.7,150,6,-24
p23,A,1948,66,1.7,151,7,-26
p23,A,2036,63,2.0,154,9,-36
p23,A,2048,127,2.7,39,10,-39
p23,A,2112,65,4.1,160,11,-43
p23,A,2124,77,4.2,173,11,-46
p23,A,2148,88,1.6,7,12,-51
p23,A,2224,57,3.0,160,12,-58
p24,A,2236,86,2.7,11,12,-61
p24,A,2248,70,2.7,177,11,-63
p24,A,2312,89,1.6,21,9,-68
p24,A,2324,71,2.6,6,8,-71
p24,A,2336,80,4.1,18,6,-73
p24,A,2348,95,3.5,38,3,-75
p24,-32,0000,60,2.4,0,7,-78
p24,A,0010,75,2.6,19,3,-80
p24,A,0020,69,2.6,22,355,-82
p24,A,0030,63,2.1,26,346,-84
p24,A,0040,78,2.6,64,325,-85
p24,A,0050,74,2.9,86,306,-85
p24,A,0100,65,1.8,109,276,-85
p24,A,0120,1,2.1,74,249,-82
p24,A,0140,156,2.1,61,239,-78
p24,A,0150,174,1.8,82,236,-76
p24,A,0200,136,2.1,48,234,-74
p24,A,0240,115,2.0,35,231,-66
p24,A,0300,118,2.0,40,230,-61
p24,A,0710,56,1.6,4,244,-10
p24,A,0720,73,1.6,22,245,-8
p24,A,0740,55,1.6,7,247,-4
p24,A,0810,75,1.6,30,250,1
p24,A,0820,53,2.6,10,251,3
p24,A,0920,51,2.1,17,260,13
p24,A,1200,155,2.0,155,291,29
p24,A,1350,113,2.0,139,317,29
p24,A,1450,11,2,51,330,24
p24,A,1500,11,2.0,54,333,23
p24,A,1620,102,1.6,160,347,12
p24,A,1650,110,2.0,172,351,8
p24,A,1710,102,2.4,160,353,4
p24,A,1720,104,2.4,171,355,2
p24,A,1800,96,2.5,168,359,-5
p24,A,1810,93,2.6,163,0.1,-6
p24,A,1820,105,2.4,0,1.0,-9
p24,A,1830,133,2.4,29,2,-10
p24,A,1900,98,2.1,177,5,-16
p24,A,1912,83,2.2,164,6,-19
p24,A,1936,65,1.7,148,8,-23
p24,A,2000,54,1.6,139,10,-28
p25,A,2012,82,1.7,168,10,-31
p25,A,2036,67,2.3,156,12,-36
p25,A,2100,52,1.7,143,13,-41
p25,A,2112,157,2.3,69,14,-43
p25,A,2124,43,4.5,137,14,-46
p25,A,2200,83,2.0,0,15,-53
p25,A,2212,68,2.7,166,16,-56
p25,A,2224,60,2.2,159,16,-58
p25,A,2236,84,2.7,5,16,-61
p25,A,2312,116,1.7,43,15,-68
p25,A,2324,73,2.6,2,14,-71
p25,A,2336,81,4.1,13,12,-74
p25,A,2348,68,3.8,3,10,-76
p25,-30,0000,74,2.3,9,17,-79
p25,A,0010,75,3.4,13,14,-81
p25,A,0020,90,3.0,33,9,-83
p25,A,0030,86,4.7,36,2,-85
p25,A,0040,110,2.3,82,340,-87
p25,A,0100,30,1.9,96,261,-86
p25,A,0140,85,2.8,5,229,-79
p25,A,0210,47,2.3,152,226,-73
p25,A,0220,103,1.6,29,226,-70
p25,A,0240,114,1.8,43,226,-66
p25,A,0300,88,2.3,19,226,-61
p25,A,0710,62,2.6,15,242,-10
p25,A,0720,63,1.6,17,243,-7
p25,A,0730,65,1.6,20,244,-6
p25,A,0740,76,1.6,32,245,-3
p25,A,0810,53,2.8,13,248,2
p25,A,0830,53,2.2,15,251,5
p25,A,1320,123,1.6,148,311,32
p25,A,1338,121,1.7,150,315,32
p25,A,1354,119,2.0,152,319,31
p25,A,1402,101,2.1,136,321,30
p25,A,1450,13,2.0,60,332,26
p25,A,1510,125,2.0,176,336,24
p25,A,1540,103,2.0,160,342,20
p25,A,1650,116,1.6,174,343,18
p25,A,1720,119,2.4,11,356,4
p25,A,1800,115,2.4,13,1,-4
p25,A,1810,113,2.4,10,2,-5
p25,A,1820,104,2.6,4,3,-8
p26,A,1912,53,1.6,138,8,-18
p26,A,1936,63,1.7,150,10,-23
p26,A,2000,67,1.7,156,12,-28
p26,A,2100,73,2.3,168,16,-40
p26,A,2112,46,2.9,142,16,-43
p26,A,2124,10,2.9,106,17,-45
p26,A,2148,65,2.3,163,18,-50
p26,A,2200,72,1.6,172,19,-53
p26,A,2220,60,3.4,162,19,-57
p26,A,2224,66,2.4,168,20,-58
p26,A,2230,81,1.8,3,20,-59
p26,A,2236,66,2.7,169,20,-61
p26,A,2324,83,2.3,11,20,-71
p26,A,2336,71,2.3,1,19,-74
p26,-28,0000,74,2.6,178,27,-79
p26,A,0010,80,2.8,9,27,-79
p26,A,0020,90,2.0,18,26,-84
p26,A,0030,113,1.7,40,24,-85
p26,A,0110,68,2.2,174,222,-86
p26,A,0230,113,1.6,34,220,-68
p26,A,0310,6,2.0,105,222,-59
p26,A,1330,118,1.8,147,313,34
p26,A,1338,123,2.7,152,315,33
p26,A,1346,119,1.8,150,318,33
p26,A,1354,110,2.3,145,320,33
p26,A,1402,110,2.3,145,322,32
p26,A,1418,111,2.1,157,325,31
p26,A,1442,87,3.9,131,331,29
p26,A,1514,94,1.7,146,338,25
p26,A,1530,99,1.8,155,341,23
p26,A,1538,114,1.8,171,342,22
p26,A,1546,97,1.7,155,341,23
p26,A,1554,114,1.6,174,345,19
p26,A,1602,104,1.9,165,346,18
p26,A,1610,113,2.5,5,348,17
p26,A,1618,100,1.8,163,349,16
p26,A,1626,104,1.8,169,350,14
p26,A,1634,100,1.9,166,352,13
p26,A,1642,112,1.9,179,353,12
p26,A,1650,99,1.8,167,354,10
p26,A,1658,95,2.4,164,355,9
p26,A,1706,96,2.2,167,356,8
p27,A,1714,76,2.5,148,357,6
p27,A,1722,91,4.2,163,358,5
p27,A,1730,105,3.5,179,359,3
p27,A,1802,106,2.2,3,3,-3
p27,A,1810,99,2.1,177,4,-4
p27,A,1818,108,2.1,8,4,-6
p27,A,1826,74,1.6,150,5,-8
p27,A,1834,118,1.6,18,6,-9
p27,A,1858,137,1.8,40,8,-14
p27,A,1914,86,1.6,171,10,-17
p27,A,1946,87,2.0,174,13,-24
p27,A,2010,101,2.0,10,14,-29
p27,A,2018,90,3.4,0,15,-30
p27,A,2042,88,2.3,0,17,-36
p27,A,2106,85,2.0,178,18,-41
p27,A,2130,114,2.3,29,20,-46
p27,A,2138,171,2.4,87,20,-48
p27,A,2154,89,1.6,6,21,-51
p27,A,2200,81,2.2,8,22,-53
p27,A,2210,41,2.8,139,22,-55
p27,A,2220,10,2.2,108,23,-57
p27,A,2230,60,2.2,159,24,-59
p27,A,2250,103,1.6,23,25,-63
p27,A,2300,15,1.9,106,25,-66
p27,A,2330,83,1.7,5,26,-72
p27,A,2340,52,2.6,155,27,-75
p27,-26,0010,41,2.6,134,39,-81
p27,A,0020,11,2.8,100,44,-83
p27,A,0030,31,2.4,114,48,-85
p27,A,0100,63,1.7,28,184,-87
p27,A,0120,77,1.9,21,203,-83
p27,A,0140,41,2.6,160,209,-79
p27,A,0150,23,1.7,141,210,-77
p27,A,0220,32,1.6,149,214,-70
p27,A,0230,86,1.6,23,215,-68
p27,A,0240,86,2.6,19,221,-65
p27,A,1110,118,2.1,109,276,31
p27,A,1300,110,1.7,127,306,37
p27,A,1330,150,1.6,179,314,36
p27,A,1346,109,2.6,139,318,35
p27,A,1354,108,2.1,141,320,34
p27,A,1402,134,1.6,169,322,34
p28,A,1410,128,2.4,166,324,33
p28,A,1418,108,2.1,148,326,33
p28,A,1426,120,1.8,161,328,32
p28,A,1434,108,2.1,152,330,31
p28,A,1442,122,3.9,167,332,30
p28,A,1450,88,1.7,136,334,29
p28,A,1458,100,2.5,150,336,28
p28,A,1514,99,1.8,152,339,26
p28,A,1522,96,1.9,151,341,25
p28,A,1546,105,1.7,163,345,22
p28,A,1554,99,1.8,159,347,21
p28,A,1602,110,2.1,172,348,20
p28,A,1610,97,1.8,160,349,18
p28,A,1618,104,2.1,167,351,17
p28,A,1626,96,2.2,161,352,16
p28,A,1634,109,1.9,175,353,14
p28,A,1642,103,1.8,171,354,13
p28,A,1650,109,1.9,178,355,12
p28,A,1658,99,2.1,168,357,10
p28,A,1706,90,2.6,161,358,9
p28,A,1714,91,3.2,163,359,7
p28,A,1722,93,2.5,165,360,6
p28,A,1730,94,3.2,168,0.7,4
p28,A,1810,107,2.6,5,5,-3
p28,A,1826,85,1.7,165,7,-7
p28,A,1834,123,2.7,23,8,-8
p28,A,1842,117,1.6,19,9,-10
p28,A,1850,129,2.3,31,9,-11
p28,A,1906,143,2.3,46,11,-15
p28,A,1938,92,1.6,178,14,-21
p28,A,1954,93,1.8,0,15,-25
p28,A,2010,84,2.3,172,17,-28
p28,A,2018,87,2.7,176,17,-30
p28,A,2028,106,2.9,15,18,-32
p28,A,2034,110,2.2,19,18,-33
p28,A,2042,112,1.6,22,19,-35
p28,A,2050,98,1.6,8,20,-37
p28,A,2058,105,3.4,16,20,-38
p28,A,2114,105,1.8,17,22,-42
p28,A,2154,80,3.2,174,25,-51
p28,A,2200,80,3.2,174,25,-52
p28,A,2210,35,2.5,130,26,-54
p28,A,2220,25,3.0,120,27,-57
p28,A,2230,58,2.2,154,27,-59
p29,A,2240,56,2.2,152,28,-61
p29,A,2250,105,1.8,21,29,-63
p29,A,2300,173,2.2,90,30,-66
p29,A,2340,59,1.8,155,34,-75
p29,-24,0008,84,3.6,166,51,-80
p29,A,0016,91,1.6,169,56,-82
p29,A,0024,49,2.2,121,63,-83
p29,A,0032,44,2.0,105,74,-85
p29,A,0040,60,2.2,104,92,-86
p29,A,0048,74,2.9,91,119,-87
p29,A,0056,47,2.7,43,148,-86
p29,A,0104,88,1.6,65,169,-85
p29,A,0128,59,2.0,11,194,-81
p29,A,0250,17,3.4,138,213,-63
p29,A,0258,39,1.7,160,213,-61
p29,A,1340,175,1.6,26,318,37
p29,A,1420,139,1.7,0,328,34
p29,A,1430,130,1.6,173,330,33
p29,A,1440,112,1.6,158,333,32
p29,A,1448,90,1.6,138,335,31
p29,A,1456,122,3.8,171,336,31
p29,A,1512,85,1.6,138,340,28
p29,A,1536,132,1.8,10,345,25
p29,A,1630,114,1.6,0,354,16
p29,A,1700,125,1.6,15,359,11
p29,A,1724,88,1.6,162,2,6
p29,A,1732,110,2.3,4,3,5
p29,A,1818,19,1.8,98,8,-4
p29,A,1826,117,1.8,17,9,-6
p29,A,1840,128,2.0,29,11,-9
p29,A,2028,66,2.0,154,20,-32
p29,A,2100,77,3.2,167,23,-39
p29,A,2108,59,2.6,149,24,-41
p29,A,2116,46,2.6,136,24,-42
p29,A,2124,140,1.8,53,25,-44
p29,A,2148,50,2.2,142,27,-49
p29,A,2200,60,2.8,152,28,-52
p29,A,2208,60,3.2,152,29,-54
p29,A,2216,33,3.0,126,30,-56
p29,A,2224,38,2.0,131,31,-57
p29,A,2232,60,2.6,152,32,-60
p29,A,2240,60,3.4,153,32,-61
p30,A,2256,13,2.0,106,34,-64
p30,A,2336,50,2.1,140,41,-73
p30,-22,0008,87,2.4,160,61,-79
p30,A,0016,50,2.4,117,67,-81
p30,A,0024,48,2.7,107,75,-82
p30,A,0032,7,2.9,57,87,-83
p30,A,0040,120,2.2,155,102,-84
p30,A,0048,38,1.6,55,121,-85
p30,A,0056,62,3.0,65,140,-84
p30,A,0104,96,1.6,85,156,-84
p30,A,0112,59,2.0,37,168,-82
p30,A,0120,41,2.5,11,177,-81
p30,A,0144,44,1.6,1,193,-76
p30,A,0208,77,2.1,28,201,-71
p30,A,0240,59,2.0,5,207,-64
p30,A,0250,5,1.6,131,208,-63
p30,A,0320,31,1.7,158,213,-55
p30,A,1340,162,1.7,15,318,39
p30,A,1350,119,2.8,152,321,39
p30,A,1400,122,2.0,159,324,38
p30,A,1420,143,2.9,6,329,36
p30,A,1430,130,1.8,174,331,35
p30,A,1440,110,2.5,158,334,34
p30,A,1448,109,2.4,158,336,33
p30,A,1456,91,3.4,141,338,32
p30,A,1512,95,1.7,149,342,30
p30,A,1624,82,1.8,148,355,18
p30,A,1732,127,1.6,21,5,6
p30,A,1740,104,1.7,179,6,4
p30,A,1832,103,2.2,3,12,-6
p30,A,1840,150,2.5,51,12,-8
p30,A,1848,122,2.3,23,13,-10
p30,A,1856,136,2.3,38,14,-11
p30,A,1904,108,2.3,10,15,-13
p30,A,1920,144,2.2,47,16,-16
p30,A,2052,20,2.4,108,25,-36
p30,A,2100,175,2.6,83,26,-38
p30,A,2108,45,2.6,134,26,-40
p30,A,2116,117,1.8,25,27,-42
p30,A,2124,49,2.9,137,28,-43
p30,A,2132,18,2.0,107,29,-45
p30,A,2156,76,3.3,165,31,-50
p31,A,2200,73,2.2,162,31,-51
p31,A,2208,65,3.2,154,32,-53
p31,A,2216,60,2.2,149,33,-55
p31,A,2224,70,1.6,159,34,-57
p31,A,2304,76,1.8,164,40,-66
p31,A,2312,74,2.2,161,41,-67
p31,A,2320,83,2.6,170,43,-69
p31,A,2328,67,1.8,152,45,-71
p31,-20,0010,63,2.2,128,69,-78
p31,A,0020,17,2.8,73,80,-80
p31,A,0040,26,3.3,57,107,-83
p31,A,0050,31,1.7,48,121,-83
p31,A,0100,55,1.6,54,142,-82
p31,A,0210,44,1.7,63,195,-70
p31,A,0300,52,2.5,69,206,-59
p31,A,1400,120,4.5,20,324,38
p31,A,1410,145,3.5,23,327,39
p31,A,1420,157,2.9,76,330,38
p31,A,1430,131,1.7,28,332,37
p31,A,1440,117,2.6,31,336,36
p31,A,1448,112,2.2,32,337,35
p31,A,1456,116,2.2,35,339,34
p31,A,1504,111,1.7,36,341,32
p31,A,1512,112,2.6,38,343,31
p31,A,1520,112,2.0,40,345,30
p31,A,1528,109,2.2,41,346,29
p31,A,1536,130,2.2,42,348,28
p31,A,1640,90,2.1,52,359,17
p31,A,1656,127,2.4,54,1,14
p31,A,1704,113,2.2,55,3,12
p31,A,1712,115,1.7,56,4,11
p31,A,1728,116,2.0,57,6,8
p31,A,1736,98,1.6,58,7,6
p31,A,1744,108,3.3,4,8,4
p31,A,1828,115,2.2,15,13,-5
p31,A,1848,143,4.0,44,15,-9
p31,A,2040,131,2.0,38,26,-33
p31,A,2048,103,2.0,10,27,-35
p31,A,2052,113,3.0,20,27,-36
p31,A,2100,92,1.7,9,28,-38
p31,A,2124,134,2.6,41,30,-43
p31,A,2132,94,2.2,1,31,-45
p32,A,2148,124,3.4,31,33,-48
p32,A,2200,55,2.0,142,34,-51
p32,A,2210,40,1.7,127,35,-53
p32,A,2310,60,2.8,143,45,-66
p32,A,2320,17,1.8,99,48,-68
p32,A,2330,85,6.1,165,50,-70
p32,A,2340,76,3.0,154,54,-73
p32,A,2350,82,2.8,156,58,-74
p32,-18,0000,50,3.3,113,70,-75
p32,A,0010,26,1.6,85,76,-77
p32,A,0020,52,1.7,102,86,-78
p32,A,0030,144,1.7,5,95,-79
p32,A,0050,42,2.2,59,122,-81
p32,A,0100,54,3.3,57,139,-80
p32,A,0150,144,2.3,110,181,-73
p32,A,0210,88,1.7,54,190,-70
p32,A,0300,60,3.2,10,203,-58
p32,A,0310,125,2.4,76,204,-57
p32,A,1400,110,3.7,148,326,41
p32,A,1410,119,4.2,159,328,41
p32,A,1420,126,4.0,170,331,40
p32,A,1430,130,3.0,175,334,39
p32,A,1440,106,2.8,155,337,37
p32,A,1448,117,3.1,168,339,36
p32,A,1456,113,2.2,166,341,35
p32,A,1504,113,2.6,167,343,34
p32,A,1512,113,2.0,168,344,33
p32,A,1520,117,2.2,175,346,32
p32,A,1528,116,2.0,174,348,30
p32,A,1536,118,2.2,177,350,29
p32,A,1544,129,1.7,11,351,28
p32,A,1552,113,2.6,176,353,27
p32,A,1640,105,2.7,174,0.7,18
p32,A,1704,132,2.0,14,4,13
p32,A,1712,113,2.2,6,5,12
p32,A,1720,95,1.6,172,6,10
p32,A,1736,106,2.4,1,9,7
p32,A,1740,125,2.7,21,9,6
p32,A,1840,0,2.0,80,16,-6
p32,A,1848,137,3.6,38,17,-8
p32,A,1856,138,2.4,39,18,-10
p32,A,2040,127,3.0,32,28,-32
p33,A,2052,113,2.4,19,29,-35
p33,A,2100,3,2.9,88,30,-37
p33,A,2116,134,2.9,39,32,-40
p33,A,2124,113,2.9,19,33,-42
p33,A,2200,35,2.2,120,37,-50
p33,A,2210,55,3.0,140,39,-52
p33,A,2220,16,1.8,100,40,-55
p33,A,2300,61,1.8,141,48,-63
p33,A,2310,59,1.8,139,50,-65
p33,A,2320,68,4.3,146,53,-67
p33,A,2330,54,3.6,130,55,-69
p33,A,2340,55,3.0,127,60,-72
p33,A,2350,60,2.6,129,64,-73
p33,-16,0040,55,2.8,80,112,-78
p33,A,0100,25,2.3,30,136,-78
p33,A,0110,9,1.8,8,145,-78
p33,A,0130,50,2.4,31,163,-75
p33,A,0140,46,3.0,20,172,-74
p33,A,0150,18,2.9,168,176,-72
p33,A,0220,164,2.2,120,194,-67
p33,A,0300,20,2.8,154,199,-58
p33,A,0310,120,2.5,73,201,-56
p33,A,1350,158,2.0,13,323,44
p33,A,1400,127,3.4,165,327,43
p33,A,1408,111,3.5,152,329,43
p33,A,1416,119,4.1,163,332,42
p33,A,1424,121,3.0,166,334,41
p33,A,1432,123,3.0,171,336,40
p33,A,1440,106,2.6,155,338,39
p33,A,1448,131,1.7,3,340,38
p33,A,1456,140,1.7,13,342,37
p33,A,1504,135,2.4,9,344,36
p33,A,1512,115,1.6,172,346,34
p33,A,1520,111,2.4,169,348,33
p33,A,1536,125,2.2,5,351,31
p33,A,1544,123,1.7,6,353,29
p33,A,1552,128,1.9,11,354,28
p33,A,1616,26,1.8,92,359,24
p33,A,1720,121,2.2,16,8,11
p33,A,1728,112,1.9,6,9,10
p33,A,1736,125,2.5,20,10,8
p34,A,1744,125,2.1,21,11,6
p34,A,1752,130,1.7,26,12,5
p34,A,1800,28,2.6,107,13,3
p34,A,1832,144,2.6,43,17,-4
p34,A,1840,162,5.2,62,18,-5
p34,A,1848,141,3.9,41,19,-7
p34,A,1856,141,2.6,41,19,-9
p34,A,1912,152,2.0,54,21,-12
p34,A,2048,112,3.4,16,31,-33
p34,A,2120,145,2.6,49,35,-40
p34,A,2136,116,2.7,19,37,-44
p34,A,2200,50,1.6,133,40,-49
p34,A,2210,161,1.9,63,42,-51
p34,A,2220,44,2.5,126,43,-54
p34,A,2250,47,2.8,126,49,-60
p34,A,2300,50,2.2,127,52,-62
p34,A,2310,40,2.2,116,54,-64
p34,A,2320,48,5.9,122,57,-66
p34,A,2330,64,5.9,136,60,-68
p34,A,2340,40,3.0,107,65,-70
p34,A,2350,67,1.8,131,69,-72
p34,-14,0000,32,2.5,87,80,-72
p34,A,0010,7,3.0,57,85,-74
p34,A,0030,142,1.6,179,102,-76
p34,A,0050,17,2.2,34,122,-77
p34,A,0100,7,2.5,16,134,-76
p34,A,0120,160,5.4,151,153,-75
p34,A,0130,173,3.1,158,159,-74
p34,A,0140,18,2.8,176,167,-72
p34,A,0150,167,2.0,142,172,-71
p34,A,0200,34,1.6,4,178,-69
p34,A,0210,88,2.3,56,181,-67
p34,A,0300,130,1.7,86,196,-57
p34,A,1400,164,2.0,24,328,45
p34,A,1408,122,2.9,163,330,44
p34,A,1424,117,4.2,164,335,43
p34,A,1432,122,4.1,171,337,42
p34,A,1440,100,4.2,150,340,41
p34,A,1448,80,2.1,132,342,40
p34,A,1456,130,3.1,4,344,39
p34,A,1504,135,1.8,10,346,37
p34,A,1512,131,2.3,8,347,36
p35,A,1520,131,2.7,10,239,35
p35,A,1528,125,2.9,5,351,33
p35,A,1536,128,2.7,10,353,32
p35,A,1544,131,2.7,14,354,31
p35,A,1552,26,1.6,91,356,29
p35,A,1704,162,1.7,54,8,16
p35,A,1712,135,3.0,29,9,14
p35,A,1720,117,3.4,11,10,12
p35,A,1728,141,2.6,36,11,11
p35,A,1744,129,2.5,25,13,7
p35,A,1752,124,1.8,21,14,6
p35,A,1800,123,2.0,21,15,4
p35,A,1832,144,2.6,44,19,-3
p35,A,1840,137,7.0,37,20,-4
p35,A,1848,127,3.2,27,20,-6
p35,A,1904,134,2.4,35,22,-10
p35,A,2056,105,2.9,8,34,-34
p35,A,2104,96,2.3,179,35,-36
p35,A,2120,116,3.2,18,37,-40
p35,A,2128,127,2.0,39,38,-41
p35,A,2136,136,2.7,38,40,-43
p35,A,2152,92,2.0,174,42,-47
p35,A,2200,53,1.7,134,43,-49
p35,A,2216,21,3.4,101,46,-52
p35,A,2224,34,3.0,113,47,-54
p35,A,2232,54,2.1,132,49,-55
p35,A,2248,41,3.0,117,52,-59
p35,A,2256,58,2.5,133,54,-60
p35,A,2300,66,3.0,140,55,-61
p35,A,2310,40,3.0,113,58,-63
p35,A,2320,50,3.6,119,61,-65
p35,A,2330,96,2.0,159,64,-67
p35,A,2340,65,2.9,128,69,-69
p35,-12,0000,144,2.8,15,84,-71
p35,A,0010,103,1.6,150,89,-72
p35,A,0020,140,1.7,178,98,-73
p35,A,0030,169,2.2,25,104,-74
p35,A,0040,6,2.5,23,115,-74
p35,A,0100,162,1.6,91,133,-74
p35,A,0110,13,3.0,16,140,-74
p35,A,0120,42,2.4,35,150,-73
p35,A,0140,165,1.6,147,163,-71
p35,A,0200,36,2.0,9,174,-67
p36,A,0230,177,2.3,142,184,-62
p36,A,1350,108,1.6,145,325,48
p36,A,1400,164,2.0,24,329,47
p36,A,1416,95,3.4,140,334,45
p36,A,1424,118,2.0,165,336,44
p36,A,1432,96,2.0,145,339,43
p36,A,1440,114,5.0,166,341,42
p36,A,1448,134,3.3,7,343,41
p36,A,1456,76,2.0,131,345,40
p36,A,1504,118,2.4,175,347,39
p36,A,1516,147,1.6,26,350,37
p36,A,1520,118,2.8,178,351,36
p36,A,1536,118,2.8,1,354,34
p36,A,1552,119,2.8,4,358,31
p36,A,1640,143,1.8,34,6,22
p36,A,1712,120,3.4,14,11,15
p36,A,1720,127,3.1,21,12,13
p36,A,1808,129,1.8,27,18,3
p36,A,1844,126,3.3,26,22,-4
p36,A,1852,123,1.7,23,23,-6
p36,A,1900,136,2.5,36,24,-8
p36,A,1916,157,2.6,58,25,-11
p36,A,2100,95,2.3,177,37,-34
p36,A,2108,45,3.8,119,38,-36
p36,A,2124,112,2.1,12,40,-40
p36,A,2140,147,2.2,47,43,-43
p36,A,2200,17,3.5,96,46,-48
p36,A,2208,3,3.6,81,47,-49
p36,A,2216,4,3.9,81,49,-51
p36,A,2256,61,1.9,133,58,-59
p36,A,2300,49,3.4,121,59,-60
p36,A,2310,40,2.6,109,61,-62
p36,A,2320,41,3.6,107,65,-64
p36,A,2330,37,2.3,101,68,-66
p36,A,2340,58,3.1,118,73,-68
p36,A,2350,140,2.2,17,77,-69
p37,-10,0000,52,1.7,101,87,-69
p37,A,0020,46,2.0,83,100,-71
p37,A,0040,173,2.3,18,116,-72
p37,A,0110,11,3.6,15,138,-72
p37,A,0120,139,1.7,135,147,-71
p37,A,0130,83,1.8,73,153,-70
p37,A,0140,109,1.8,94,160,-69
p37,A,0200,29,1.8,5,170,-66
p37,A,0230,69,2.4,175,181,-61
p37,A,0240,28,1.7,173,185,-59
p37,A,1400,147,1.6,18,330,49
p37,A,1408,108,3.6,152,333,48
p37,A,1416,96,2.8,143,335,47
p37,A,1432,77,1.6,128,340,45
p37,A,1440,96,3.1,149,343,44
p37,A,1448,112,4.7,166,345,43
p37,A,1456,99,3.3,155,347,42
p37,A,1504,75,2.0,133,349,40
p37,A,1520,118,2.8,179,353,38
p37,A,1528,127,3.2,10,354,36
p37,A,1536,129,2.4,12,356,35
p37,A,1544,119,1.6,3,358,33
p37,A,1600,120,1.6,7,1,31
p37,A,1720,145,3.1,41,13,15
p37,A,1844,124,2.3,24,24,-3
p37,A,1900,124,1.8,24,25,-7
p37,A,1908,137,3.0,37,26,-9
p37,A,1924,149,3.4,50,28,-12
p37,A,2004,37,1.7,118,32,-21
p37,A,2028,153,2.2,55,35,-26
p37,A,2204,163,2.6,59,49,-48
p37,A,2208,5,3.6,81,50,-48
p37,A,2216,172,4.7,68,51,-50
p37,A,2224,122,1.6,16,53,-52
p37,A,2232,144,1.9,38,55,-53
p37,A,2248,52,1.9,122,59,-57
p37,A,2256,52,1.9,121,61,-58
p37,A,2300,35,2.8,103,62,-59
p37,A,2310,34,1.7,100,64,-61
p37,A,2320,41,2.3,104,68,-63
p37,A,2330,18,1.6,80,71,-64
p37,A,2340,41,1.7,99,77,-66
p37,A,2350,49,3.6,103,81,-67
p38,-8,0000,59,1.8,104,90,-67
p38,A,0020,178,2.2,33,102,-69
p38,A,0050,170,4.6,7,122,-71
p38,A,0110,91,2.0,96,137,-70
p38,A,0120,150,1.6,147,145,-69
p38,A,0130,76,3.0,70,150,-69
p38,A,0150,107,2.0,91,161,-66
p38,A,0210,172,2.1,148,171,-63
p38,A,0220,47,2.2,19,175,-61
p38,A,0230,2,1.9,152,178,-60
p38,A,1400,77,1.9,68,331,51
p38,A,1408,78,1.6,67,334,50
p38,A,1424,117,2.1,101,340,48
p38,A,1432,89,2.6,72,342,47
p38,A,1440,98,1.6,79,344,46
p38,A,1448,86,2.2,64,346,44
p38,A,1456,100,4.7,157,349,43
p38,A,1504,140,5.4,18,351,42
p38,A,1512,123,2.2,3,353,41
p38,A,1520,70,1.6,132,354,39
p38,A,1528,132,3.4,15,356,38
p38,A,1536,106,2.9,170,358,36
p38,A,1600,159,2.1,147,3,32
p38,A,1624,115,2.1,6,7,27
p38,A,1632,129,1.8,21,8,26
p38,A,1656,110,2.2,4,12,21
p38,A,1704,130,1.6,24,13,19
p38,A,1720,143,3.8,39,15,16
p38,A,1728,38,1.6,114,16,14
p38,A,1816,124,2.1,23,22,4
p38,A,1848,126,2.9,26,26,-3
p38,A,1856,129,3.0,29,27,-5
p38,A,1904,132,1.7,32,28,-7
p38,A,1912,141,1.9,41,28,-9
p38,A,1920,149,1.9,49,29,-11
p38,A,1928,164,3.4,65,30,-12
p38,A,2200,150,1.6,45,51,-46
p38,A,2216,140,2.2,34,54,-49
p38,A,2224,129,1.7,21,56,-51
p38,A,2240,54,2.1,124,59,-54
p38,A,2248,50,1.7,118,61,-55
p38,A,2256,38,2.4,105,64,-57
p39,A,2304,28,2.1,93,66,-58
p39,A,2312,38,2.6,101,69,-60
p39,A,2320,17,2.1,78,72,-61
p39,A,2328,35,2.4,93,75,-63
p39,A,2336,44,1.9,100,78,-64
p39,A,2344,35,1.9,88,82,-65
p39,A,2352,42,2.2,92,86,-66
p39,-6,0000,54,2.0,97,92,-66
p39,A,0020,48,2.0,81,104,-68
p39,A,0050,155,1.6,172,122,-69
p39,A,0100,77,2.6,86,130,-68
p39,A,0120,117,1.8,118,143,-67
p39,A,0140,101,1.6,91,155,-65
p39,A,0200,61,2.4,42,164,-63
p39,A,0230,126,2.0,19,175,-58
p39,A,0240,139,2.8,109,179,-56
p39,A,1130,124,2.2,110,270,51
p39,A,1350,157,1.6,15,328,54
p39,A,1400,121,1.9,165,333,52
p39,A,1416,123,2.9,171,338,51
p39,A,1432,120,1.6,173,344,48
p39,A,1400,82,2.8,137,346,47
p39,A,1448,104,3.4,161,348,46
p39,A,1456,108,3.7,166,350,45
p39,A,1512,113,3.7,175,354,42
p39,A,1520,109,2.0,172,356,41
p39,A,1528,118,3.6,3,358,39
p39,A,1536,123,2.2,8,360,38
p39,A,1552,116,1.9,4,3,35
p39,A,1600,141,3.0,30,4,33
p39,A,1608,136,2.2,25,6,31
p39,A,1616,95,2.5,166,7,30
p39,A,1632,121,1.8,13,10,27
p39,A,1648,122,1.8,16,12,23
p39,A,1656,125,1.7,19,14,22
p39,A,1704,112,1.9,7,15,20
p39,A,1712,125,3.8,21,16,18
p39,A,1720,138,3.4,34,17,17
p39,A,1728,165,4.1,61,18,15
p39,A,1856,126,2.6,24,21,9
p39,A,1904,139,2.5,39,29,-6
p39,A,1912,129,2.3,29,30,-8
p40,A,1920,114,1.8,14,31,-10
p40,A,1928,151,1.6,51,32,-11
p40,A,2224,39,3.6,107,58,-49
p40,A,2232,57,2.5,126,60,-51
p40,A,2248,34,1.9,100,64,-54
p40,A,2256,19,2.2,83,66,-56
p40,A,2328,14,1.7,70,77,-61
p40,A,2352,41,1.8,89,88,-65
p40,-4,0000,58,3.7,103,96,-64
p40,A,0100,46,1.7,60,130,-66
p40,A,0110,55,3.8,65,135,-66
p40,A,0120,90,3.4,96,142,-65
p40,A,0130,89,3.1,92,146,-65
p40,A,0140,78,3.7,74,153,-64
p40,A,0150,59,4.2,51,157,-63
p40,A,0210,15,2.3,1,165,-60
p40,A,0220,14,3.8,176,170,-58
p40,A,0240,17,1.6,174,176,-55
p40,A,0250,132,2.3,108,179,-53
p40,A,1130,108,1.7,98,268,53
p40,A,2200,28,2.6,105,56,-43
p40,A,2216,13,2.8,87,59,-47
p40,A,2224,44,2.1,118,61,-48
p40,A,2240,25,3.0,96,65,-51
p40,A,2248,14,2.5,83,67,-53
p40,A,2256,3,1.8,71,69,-54
p40,A,2352,41,2.8,91,90,-63
p40,-2,0000,45,2.5,90,96,-62
p40,A,0010,45,2.6,87,100,-63
p40,A,0020,82,3.7,118,106,-64
p40,A,0040,88,1.7,110,118,-65
p40,A,0050,126,2.2,148,122,-65
p40,A,0100,105,2.0,119,129,-64
p40,A,0110,161,3.7,175,134,-64
p40,A,0130,15,3.0,19,145,-63
p40,A,0140,100,4.5,98,151,-62
p40,A,0150,109,3.8,104,155,-61
p40,A,0200,89,1.8,70,160,-59
p40,A,0240,9,2.3,168,174,-53
p40,A,1210,157,1.7,161,283,59
p41,A,1220,140,1.7,150,288,60
p41,A,1240,156,1.7,178,298,61
p41,A,1330,93,1.6,133,322,59
p41,A,2208,20,2.5,94,59,-44
p41,A,2216,41,1.8,114,61,-45
p41,A,2224,37,1.9,109,63,-47
p41,A,2232,8,2.4,79,65,-49
p41,A,2240,6,3.6,75,67,-50
p41,A,2248,5,2.4,73,69,-51
p41,A,2256,10,2.4,75,71,-53
p41,A,2304,25,2.2,88,74,-54
p41,A,2312,15,1.7,77,76,-56
p41,A,2320,5,1.8,65,79,-57
p41,A,2344,179,2.5,51,89,-60
p41,A,2352,2,1.8,50,92,-61
p41,0,0000,15,1.7,16,98,-60
p41,A,0010,47,2.2,51,102,-61
p41,A,0020,20,1.8,56,108,-62
p41,A,0030,32,1.7,66,112,-62
p41,A,0040,114,1.6,136,118,-63
p41,A,0050,62,2.3,84,122,-63
p41,A,0120,117,2.2,123,139,-62
p41,A,0140,17,1.8,16,149,-60
p41,A,0200,88,3.7,79,158,-58
p41,A,0240,6,2.1,165,172,-52
p41,A,0930,155,1.7,121,234,35
p41,A,0940,157,1.7,124,236,37
p41,A,1240,21,2.0,35,298,63
p41,A,1250,50,1.6,72,302,63
p41,A,1320,50,2.0,85,319,62
p41,A,1330,22,5.2,62,323,61
p41,A,1340,18,4.8,63,329,60
p41,A,1350,40,1.6,86,333,59
p41,A,2200,13,2.2,87,60,-41
p41,A,2224,33,3.2,104,65,-46
p41,A,2232,172,1.6,62,67,-47
p41,A,2240,7,2.4,75,69,-49
p41,A,2248,0,2.6,67,71,-50
p41,A,2304,12,1.9,75,76,-53
p41,A,2312,26,1.7,87,79,-54
p41,A,2320,12,2.1,71,81,-55
p41,A,2328,12,1.7,68,84,-56
p41,A,2352,2,1.8,50,94,-59
p42,+2,0002,129,2.2,172,99,-58
p42,A,0010,129,2.6,169,103,-59
p42,A,0042,93,1.8,115,118,-61
p42,A,0122,146,5.8,154,138,-60
p42,A,0130,11,3.8,15,142,-59
p42,A,0138,7,5.7,8,146,-59
p42,A,0146,56,1.8,54,149,-58
p42,A,0154,60,2.6,55,153,-57
p42,A,0202,111,4.0,105,156,-56
p42,A,0210,109,3.1,99,159,-55
p42,A,0218,162,2.4,149,162,-54
p42,A,0234,147,2.7,131,167,-52
p42,A,0610,78,2.6,38,206,-8
p42,A,1220,147,1.6,155,286,64
p42,A,1250,150,3.9,172,302,65
p42,A,1300,146,2.5,176,309,64
p42,A,1310,3,1.6,33,314,64
p42,A,1330,141,3.5,1,325,63
p42,A,2216,154,1.7,45,65,-43
p42,A,2232,158,2.0,46,69,-46
p42,A,2240,154,1.7,41,71,-47
p42,A,2338,114,2.4,165,89,-56
p42,+4,0018,112,2.0,148,108,-58
p42,A,0026,77,3.7,111,110,-60
p42,A,0034,43,2.2,65,115,-58
p42,A,0042,84,2.2,106,119,-59
p42,A,0114,123,3.3,137,134,-58
p42,A,0122,122,5.3,132,138,-58
p42,A,0130,16,3.4,22,141,-57
p42,A,0138,55,3.1,57,145,-57
p42,A,0146,53,3.1,54,148,-56
p42,A,0154,81,5.0,79,151,-55
p42,A,0210,69,2.2,60,157,-53
p42,A,0218,135,2.2,124,160,-52
p42,A,0234,15,2.8,0,165,-50
p42,A,0242,136,3.1,118,168,-49
p42,A,0258,145,2.2,124,172,-46
p42,A,0950,158,1.7,124,233,41
p42,A,1230,164,1.7,175,290,66
p42,A,1250,148,3.7,110,302,67
p42,A,1300,173,2.7,23,310,66
p42,A,1310,165,3.3,17,315,66
p43,A,1320,158,3.5,16,322,65
p43,A,1330,133,2.6,175,326,65
p43,A,1350,138,3.5,10,337,63
p43,A,1400,146,1.6,21,342,61
p43,A,2224,120,1.6,8,69,-43
p43,A,2232,125,2.3,12,71,-44
p43,A,2248,113,1.7,176,75,-47
p43,A,2314,90,1.7,148,83,-51
p43,+6,0014,41,2.4,77,107,-55
p43,A,0022,96,2.4,130,110,-56
p43,A,0030,84,2.3,114,114,-56
p43,A,0046,115,1.6,137,121,-57
p43,A,0102,100,3.2,122,128,-56
p43,A,0110,95,2.3,109,132,-56
p43,A,0118,154,2.2,166,135,-56
p43,A,0126,123,5.0,132,139,-56
p43,A,0132,5,5.3,11,142,-55
p43,A,0140,44,5.2,46,145,-54
p43,A,0148,51,4.4,170,148,-54
p43,A,0156,16,4.4,12,151,-53
p43,A,0208,45,2.9,37,156,-52
p43,A,0216,88,3.2,79,158,-51
p43,A,0224,67,3.9,55,161,-49
p43,A,0240,154,3.4,138,166,-47
p43,A,0530,159,1.7,122,198,-15
p43,A,0900,117,1.8,78,223,32
p43,A,0940,165,1.7,128,230,40
p43,A,1130,162,1.7,145,257,61
p43,A,1200,160,2.3,156,272,66
p43,A,1300,167,1.6,17,310,68
p43,A,1310,141,2.2,174,316,68
p43,A,1320,147,1.7,4,323,67
p43,A,1330,172,2.6,35,328,67
p43,A,1340,155,2.7,24,335,65
p43,A,1350,31,3.5,84,339,64
p43,A,1400,57,2.2,115,344,63
p43,A,2208,32,1.6,102,68,-39
p43,A,2216,43,2.6,112,69,-40
p43,A,2248,114,1.8,176,77,-46
p43,A,2320,76,1.8,130,87,-50
p44,+8,0110,90,3.7,104,131,-54
p44,A,0118,134,5.3,148,134,-54
p44,A,0126,117,7.0,125,138,-54
p44,A,0132,124,6.5,130,141,-53
p44,A,0140,29,3.8,31,144,-53
p44,A,0148,42,7.0,43,147,-52
p44,A,0156,14,4.8,12,150,-51
p44,A,0200,8,7.7,4,151,-51
p44,A,0208,18,6.6,12,154,-50
p44,A,0216,23,5.9,5,156,-49
p44,A,0224,77,4.3,156,159,-48
p44,A,0232,120,4.5,108,162,-47
p44,A,0256,0,2.2,162,169,-43
p44,A,0430,143,1.6,110,187,-26
p44,A,0620,128,1.7,88,203,-3
p44,A,1120,164,1.7,142,252,61
p44,A,1150,155,2.2,143,264,66
p44,A,1200,164,1.7,158,270,67
p44,A,1310,25,1.6,59,317,70
p44,A,1340,150,3.4,22,337,67
p44,A,1350,137,3.8,21,341,66
p44,A,1400,8,5.0,68,347,64
p44,A,2200,13,2.6,83,68,-36
p44,A,2208,175,1.8,63,69,-37
p44,A,2216,150,1.6,37,71,-39
p44,A,2256,12,2.2,71,81,-45
p44,A,2336,167,1.6,36,94,-50
p44,A,2342,170,2.4,38,95,-51
p44,A,2358,116,1.6,158,101,-52
p44,+10,0006,150,2.2,8,105,-51
p44,A,0014,124,1.8,160,108,-52
p44,A,0022,127,2.0,169,111,-52
p44,A,0030,114,1.7,144,115,-52
p44,A,0054,64,1.6,86,124,-53
p44,A,0118,44,3.6,58,134,-52
p44,A,0126,105,5.2,105,137,-52
p44,A,0132,106,6.0,112,140,-51
p44,A,0140,114,3.4,118,143,-51
p44,A,0148,164,4.2,166,146,-50
p44,A,0156,10,6.3,9,149,-49
p44,A,0200,179,6.8,177,150,-49
p44,A,0208,177,8.5,172,153,-48
p45,A,0216,5,6.3,177,155,-47
p45,A,0224,73,5.4,64,158,-46
p45,A,0232,115,2.6,104,160,-45
p45,A,0256,159,1.6,142,167,-42
p45,A,0300,143,1.6,125,167,-41
p45,A,0330,153,1.6,130,174,-36
p45,A,0550,142,1.7,104,197,-9
p45,A,1120,163,1.8,141,248,63
p45,A,1250,164,1.7,6,302,73
p45,A,1320,165,3.4,28,327,71
p45,A,1330,159,3.0,27,333,70
p45,A,1340,155,2.6,29,340,69
p45,A,1350,43,3.8,101,344,68
p45,A,1400,7,6.7,70,350,66
p45,A,2328,152,2.6,21,93,-48
p45,A,2336,155,1.6,23,95,-49
p45,A,2342,162,1.6,27,97,-49
p45,+12,0016,173,2.0,27,110,-50
p45,A,0112,153,2.8,167,132,-50
p45,A,0120,76,3.6,86,135,-50
p45,A,0128,94,3.6,102,138,-49
p45,A,0144,178,2.0,2,144,-48
p45,A,0152,12,3.4,13,146,-48
p45,A,0200,178,5.4,177,149,-47
p45,A,0208,171,6.2,167,152,-46
p45,A,0216,167,5.4,150,154,-45
p45,A,0224,44,5.4,36,156,-44
p45,A,0232,100,4.0,90,159,-43
p45,A,0240,132,2.2,119,161,-42
p45,A,0248,124,1.8,110,163,-41
p45,A,0256,33,2.5,19,165,-40
p45,A,0300,143,3.8,126,166,-39
p45,A,0340,149,1.9,125,175,-33
p45,A,0350,140,2.3,115,177,-31
p45,A,0400,132,1.6,105,179,-29
p45,A,0420,146,1.6,116,183,-25
p45,A,0550,135,1.6,97,195,-8
p45,A,0730,142,1.6,99,207,14
p45,A,0750,143,1.6,100,209,18
p45,A,1200,156,2.2,144,264,71
p45,A,1230,153,4.2,159,284,74
p45,A,1300,176,2.2,26,313,74
p46,A,1310,4,1.6,40,320,74
p46,A,1320,22,3.2,68,330,73
p46,A,1340,162,4.6,39,343,71
p46,A,1350,47,4.1,108,348,69
p46,A,1400,21,7.2,87,354,67
p46,A,2208,148,1.8,35,73,-35
p46,A,2216,156,1.6,40,75,-36
p46,A,2224,164,2.2,47,76,-37
p46,A,2232,164,2.0,46,78,-38
p46,A,2304,130,2.5,5,87,-43
p46,A,2328,153,2.8,22,94,-46
p46,A,2336,160,1.6,26,96,-47
p46,+14,0008,152,4.0,8,108,-47
p46,A,0016,114,2.0,148,111,-48
p46,A,0040,179,2.3,21,120,-49
p46,A,0048,163,2.2,5,123,-49
p46,A,0104,153,2.8,175,128,-48
p46,A,0136,175,2.6,1,140,-47
p46,A,0144,171,3.0,177,143,-47
p46,A,0152,6,2.3,8,145,-46
p46,A,0200,174,2.9,173,148,-45
p46,A,0208,150,3.2,148,150,-44
p46,A,0216,167,2.2,162,153,-44
p46,A,0232,19,4.8,9,159,-43
p46,A,0240,51,2.0,40,160,-41
p46,A,0248,112,3.6,99,162,-40
p46,A,0256,152,4.7,137,164,-38
p46,A,0300,165,3.9,149,165,-38
p46,A,0310,146,1.9,128,167,-37
p46,A,0320,157,3.8,137,169,-35
p46,A,0330,164,1.6,143,171,-33
p46,A,0340,164,1.6,140,174,-31
p46,A,0350,147,2.8,123,175,-30
p46,A,0400,135,2.5,108,177,-28
p46,A,0410,137,2.6,110,179,-26
p46,A,0430,146,1.6,116,182,-23
p46,A,0440,147,1.7,115,184,-20
p46,A,1000,162,1.6,120,223,49
p46,A,1110,139,2.2,105,238,63
p46,A,1130,160,1.6,132,244,67
p46,A,1140,160,1.6,136,249,69
p46,A,1200,145,1.8,129,260,72
p47,A,1210,21,1.9,10,265,74
p47,A,1230,165,2.5,167,282,76
p47,A,1240,142,1.6,156,294,76
p47,A,1300,165,1.7,15,314,76
p47,A,1310,6,3.2,44,322,76
p47,A,1320,20,3.7,68,333,75
p47,A,1330,178,2.8,52,339,74
p47,A,1340,152,1.6,33,347,72
p47,A,1350,12,4.8,76,352,71
p47,A,1400,77,2.7,146,358,69
p47,A,2200,145,1.7,32,73,-32
p47,A,2208,127,2.4,12,75,-33
p47,A,2216,147,2.5,30,76,-34
p47,A,2224,157,2.4,40,78,-36
p47,A,2232,147,2.5,28,80,-37
p47,A,2240,167,3.0,46,82,-38
p47,A,2248,150,1.7,28,84,-39
p47,A,2256,143,1.6,27,86,-40
p47,A,2320,135,1.7,4,93,-43
p47,A,2336,160,2.0,26,98,-45
p47,A,2352,147,2.5,7,103,-46
p47,+16,0300,155,1.6,145,163,-36
p47,A,0310,156,2.2,144,165,-35
p47,A,0320,139,2.8,125,168,-33
p47,A,0330,159,2.8,144,169,-32
p47,A,0340,152,3.0,135,172,-30
p47,A,0350,152,2.1,133,173,-29
p47,A,0400,130,3.3,100,176,-27
p47,A,0410,126,2.7,104,177,-25
p47,A,0420,143,2.5,120,179,-23
p47,A,0430,150,2.3,126,181,-21
p47,A,1000,163,2.1,124,220,49
p47,A,1130,137,2.2,110,240,68
p47,A,1140,170,3.0,147,245,70
p47,A,1150,171,1.9,151,249,72
p47,A,1230,164,1.6,170,279,78
p47,A,1240,172,2.1,11,292,78
p47,A,1250,164,1.6,11,302,79
p47,A,1310,167,2.5,34,325,78
p47,A,1320,17,1.8,74,337,77
p47,A,1330,164,1.9,47,343,75
p47,A,1350,168,4.6,62,356,72
p47,A,1400,170,3.0,69,2,70
p48,+18,0410,122,2.1,101,175,-24
p48,A,0420,149,2.5,126,178,-22
p48,A,0430,146,2.8,124,179,-20
p48,A,0440,145,1.6,120,181,-18
p48,A,1300,12,2.1,53,319,80
p48,A,1310,170,3.7,40,329,80
p48,A,1320,141,4.2,22,342,78
p48,A,1330,177,5.8,65,349,77
p48,A,1340,133,2.5,28,357,75
p48,A,1350,78,3.9,156,1,73
p48,A,1400,2,3.7,85,7,71
p48,+20,0300,10,3.0,2,160,-33
p48,A,0310,178,2.5,168,162,-32
p48,A,0340,117,2.2,101,169,-27
p48,A,0350,118,1.7,71,170,-26
p48,A,0400,116,1.9,76,172,-24
p48,A,0410,153,1.8,132,174,-22
p48,A,0420,152,1.6,129,176,-20
p48,A,0430,122,1.8,99,177,-19
p48,A,0440,134,1.8,109,179,-17
p48,A,1100,179,2.2,139,223,64
p48,A,1110,129,1.6,90,225,66
p48,A,1120,160,3.4,117,228,68
p48,A,1140,109,1.9,75,234,73
p48,A,1200,159,2.2,134,244,77
p48,A,1210,176,1.8,155,249,78
p48,A,1240,156,1.9,169,287,82
p48,A,1250,164,1.6,11,301,83
p48,A,1300,160,3.0,25,322,82
p48,A,1310,162,3.9,37,334,81
p48,A,1320,152,3.9,40,348,80
p48,A,1340,161,2.2,62,3,76
p48,A,1400,62,2.6,150,12,72
p48,+22,0310,34,1.8,25,161,-30
p48,A,0320,113,2.1,101,163,-29
p48,A,0330,135,1.7,122,165,-27
p48,A,0340,132,1.9,117,167,-26
p48,A,0350,133,1.9,117,169,-24
p48,A,0400,147,2.5,128,171,-22
p48,A,0410,146,1.8,126,172,-21
p48,A,0430,148,2.5,126,176,-18
p49,A,0810,169,1.7,127,201,27
p49,A,1040,155,1.6,120,216,60
p49,A,1050,130,3.0,85,217,62
p49,A,1110,157,2.5,113,221,66
p49,A,1120,154,2.5,111,223,69
p49,A,1130,145,2.5,104,225,71
p49,A,1140,164,1.8,125,228,73
p49,A,1150,139,2.1,101,231,75
p49,A,1200,150,1.7,118,236,78
p49,A,1210,128,1.8,99,241,79
p49,A,1220,152,3.0,103,251,81
p49,A,1240,163,1.9,172,282,84
p49,A,1250,151,1.9,178,301,85
p49,A,1300,7,4.3,57,328,84
p49,A,1310,177,3.2,59,343,83
p49,A,1320,10,3.5,86,357,81
p49,A,1330,6,1.8,89,4,80
p49,+24,0300,1,1.6,174,158,-30
p49,A,0330,119,2.5,107,163,-26
p49,A,0340,120,2.5,101,166,-24
p49,A,0350,122,1.9,101,167,-23
p49,A,1050,161,1.7,112,213,63
p49,A,1100,178,1.9,129,215,65
p49,A,1140,174,1.8,129,221,74
p49,A,1210,16,1.8,158,231,80
p49,A,1220,175,2.1,145,239,83
p49,A,1310,25,2.1,99,356,85
p49,A,1320,32,3.8,118,9,82
p49,A,1330,17,3.0,109,14,81
p49,A,1340,21,2.5,116,19,78
p49,+26,0330,128,1.8,127,162,-24
p49,A,0450,175,2.1,150,175,-12
p49,A,0730,169,1.8,148,193,20
p49,A,0920,20,2.1,151,202,44
p49,A,1050,11,1.7,139,209,63
p49,A,1240,32,1.8,13,247,88
p49,A,1250,118,3.0,153,294,89
p49,A,1310,169,3.4,81,16,86
p49,A,1320,6,3.9,78,23,83
p49,A,1330,16,2.5,119,26,81
